_________ : 100 100 181 8 100 57 100 184 55
________O : 100 62 100 100 28 60 67 69 0
_______XO : 100 100 66 68 65 100 100 0 0
_____O_XO : 100 100 71 100 100 0 70 0 0
_____OX_O : 70 100 100 100 100 0 0 100 0
____O___X : 166 65 100 100 0 100 100 100 0
____OXX_O : 100 100 75 100 0 0 0 100 0
____OXXOO : 100 80 100 100 0 0 0 0 0
____X__OO : 100 100 71 100 0 70 100 0 0
___O_X___ : 170 100 100 0 100 0 100 100 100
___OXX__O : 100 100 75 0 0 0 100 100 0
__O_OXX__ : 100 100 0 75 0 0 0 100 100
__OO_XX__ : 150 100 0 0 100 0 0 100 100
__OX____O : 100 100 0 0 100 100 70 100 0
__OX___XO : 100 100 0 0 100 75 100 0 0
__OXOX_XO : 100 85 0 0 0 0 100 0 0
__X_O_XO_ : 100 150 0 100 0 100 0 0 100
__XOOXX_O : 130 100 0 0 0 0 0 100 0
__XOXXO_O : 100 100 0 0 0 0 0 85 0
__XXOOO_X : 130 100 0 0 0 0 0 100 0
__XXOXO_O : 100 85 0 0 0 0 0 100 0
O_XXOOXOX : 0 121 0 0 0 0 0 0 0
