_________ : 100 100 118 54 79 34 76 184 77
________O : 81 81 81 100 80 61 83 64 0
_______XO : 100 100 83 84 48 100 100 0 0
_____O_XO : 100 100 71 100 85 0 85 0 0
_____OX_O : 85 100 85 100 100 0 0 100 0
____O___X : 133 82 100 100 0 100 82 83 0
____O_OXX : 75 100 100 100 0 100 0 0 0
____O_XOX : 75 100 100 100 0 100 0 0 0
____OXX_O : 100 100 75 100 0 0 0 100 0
____OXXOO : 90 90 100 100 0 1 0 0 0
____X___O : 100 100 65 100 0 100 100 100 0
____X__OO : 83 100 85 100 0 85 130 0 0
___O_X___ : 135 100 100 0 100 1 135 100 100
___O_XX_O : 100 100 150 0 100 0 0 100 0
___OXX__O : 100 87 75 0 0 1 100 100 0
__O___X_O : 100 70 0 100 100 100 0 100 0
__O_OXX__ : 100 100 0 75 0 0 0 100 100
__O_X_X_O : 75 100 0 100 0 100 0 100 0
__O_X_XOO : 100 100 1 100 0 140 0 0 0
__OO_XX__ : 150 100 0 0 100 0 0 100 100
__OOXXXOO : 100 120 0 0 0 0 0 0 0
__OX____O : 100 100 0 0 100 100 70 100 0
__OX___XO : 100 100 0 0 100 75 100 0 0
__OXOX_XO : 100 85 0 0 0 0 100 0 0
__X_O_XO_ : 100 150 0 100 0 100 0 0 100
__X_O_XOO : 100 100 0 100 0 80 0 0 0
__XOOXX_O : 130 100 0 0 0 0 0 100 0
__XOXXO_O : 100 92 0 0 0 0 0 92 0
__XXOOO_X : 130 100 0 0 0 0 0 100 0
__XXOXO_O : 100 85 0 0 0 0 0 100 0
_O_OXXOX_ : 100 0 85 0 0 0 0 0 100
O_XXOOXOX : 0 115 1 0 0 0 0 0 0
