_________ : 100 100 54 100 12 181 100 77 100
_______XO : 100 100 243 100 100 100 61 0 0
____O___X : 100 100 100 65 0 100 100 100 0
____X___O : 100 65 100 66 0 100 100 100 0
___O_X___ : 100 100 65 0 100 0 100 100 100
___O_XX_O : 155 100 100 0 150 0 0 100 0
___OXXO__ : 76 75 100 0 0 0 0 100 100
__O___XXO : 100 100 0 75 100 100 0 0 0
__OO_X__X : 100 75 0 0 100 0 100 100 0
__OOXXX_O : 100 100 0 0 0 0 0 130 0
__XOO__X_ : 100 100 0 0 0 75 100 0 100
__XOOX_XO : 100 85 0 0 0 0 100 0 0
__XXOOO_X : 100 130 0 0 0 0 0 100 0
__XXXOO_O : 100 85 0 0 0 0 0 100 0
_OOOXXXXO : 110 0 0 0 0 0 0 0 0
_OOX__OXX : 100 0 0 0 100 85 0 0 0
O_XXOOOXX : 0 110 0 0 0 0 0 0 0
