_________ : 76 100 100 35 78 185 31 88 100
_______XO : 100 80 167 100 100 100 80 0 0
____O___X : 68 100 100 66 0 100 100 65 0
____O_OXX : 100 100 100 100 0 75 0 0 0
____OXX_O : 100 100 100 100 0 0 0 75 0
____OXXO_ : 100 100 100 100 0 0 0 0 75
____X___O : 100 65 100 100 0 100 100 100 0
___O_X___ : 100 100 65 0 100 0 100 100 100
___O_XX_O : 127 100 100 0 150 0 0 100 0
___OXXO__ : 100 75 100 0 0 0 0 100 100
___XOX__O : 100 75 100 0 0 0 100 100 0
__O___XXO : 100 100 0 75 100 100 0 0 0
__OO_X__X : 100 75 0 0 100 0 100 100 0
__OOXXX_O : 100 100 0 0 0 0 0 130 0
__X_O_XO_ : 100 100 0 75 0 100 0 0 100
__XXOOO_X : 100 130 0 0 0 0 0 100 0
_OOOXXXXO : 110 0 0 0 0 0 0 0 0
_OOX__OXX : 100 0 0 0 100 85 0 0 0
O_XXOOOXX : 0 110 0 0 0 0 0 0 0
