_________ : 100 41 100 78 78 142 100 173 76
_______XO : 82 54 189 82 100 100 80 0 0
____O___X : 100 100 100 65 0 100 100 100 0
____X___O : 100 65 100 100 0 100 100 100 0
___O_X___ : 100 166 65 0 100 0 100 100 100
___O_XX_O : 127 100 100 0 150 0 0 100 0
___OXXO__ : 100 75 100 0 0 0 0 100 100
___XOX__O : 100 100 100 0 0 0 76 75 0
__O___XXO : 100 100 0 75 100 100 0 0 0
__O_OXX__ : 100 100 0 100 0 0 0 75 100
__O_OXXXO : 100 85 0 100 0 0 0 0 0
__OO_X__X : 100 75 0 0 100 0 100 100 0
__OO_X_X_ : 100 100 0 0 150 0 100 0 100
__OOXXX_O : 100 100 0 0 0 0 0 130 0
__OX___XO : 100 100 0 0 100 100 75 0 0
__XX__O_O : 100 100 0 0 100 75 0 100 0
__XXOOO_X : 100 130 0 0 0 0 0 100 0
_O_OXXOX_ : 130 0 100 0 0 0 0 0 100
_OOOXXXXO : 110 0 0 0 0 0 0 0 0
_OOX__OXX : 100 0 0 0 100 85 0 0 0
_OXXXOOXO : 110 0 0 0 0 0 0 0 0
O_XXOOOXX : 0 110 0 0 0 0 0 0 0
